100 481 0.09717171717171717 16 4
0 51
0 67
0 90
0 91
1 21
1 26
1 35
1 42
1 44
1 48
1 49
1 58
1 70
1 85
1 89
1 96
1 99
2 34
2 35
2 38
2 44
2 45
2 57
2 69
2 80
2 86
2 99
3 16
3 27
3 58
3 68
3 71
4 10
4 34
4 47
4 51
4 62
4 75
4 80
4 88
4 90
5 10
5 37
5 48
5 52
5 55
5 60
5 70
5 77
5 81
5 84
5 86
5 87
5 94
6 27
6 42
6 45
6 91
7 33
7 51
7 59
7 81
7 91
8 28
8 39
8 47
8 80
8 86
8 89
9 14
9 48
9 58
9 72
9 77
9 82
10 4
10 5
10 13
10 14
10 16
10 50
10 54
10 58
10 72
10 75
10 78
10 80
10 95
10 96
11 39
11 49
11 72
11 86
11 90
11 91
11 97
12 14
12 29
12 30
12 58
12 72
12 76
12 81
13 10
13 21
13 22
13 24
13 29
13 35
13 36
13 37
13 39
13 42
13 52
13 69
13 80
13 90
13 93
14 9
14 10
14 12
14 24
14 41
14 47
14 58
14 69
14 72
14 86
15 24
15 34
15 40
15 64
16 3
16 10
16 17
16 25
16 27
16 35
16 41
16 43
16 56
16 64
16 69
16 84
16 97
17 16
17 19
17 34
17 35
17 50
17 54
17 58
17 61
17 84
18 32
18 33
18 40
18 43
18 49
18 58
18 74
18 88
19 17
19 37
19 38
19 46
19 52
20 28
20 32
20 44
20 72
21 1
21 13
21 27
21 66
21 69
21 72
21 84
21 95
21 98
22 13
22 24
22 32
22 38
22 49
22 52
22 58
22 64
22 71
22 74
23 57
23 65
23 75
23 84
24 13
24 14
24 15
24 22
24 33
24 35
24 38
24 44
24 47
24 53
24 54
24 60
24 61
24 69
24 95
24 99
25 16
25 61
25 67
25 84
25 86
25 88
25 91
25 93
26 1
26 35
26 39
26 48
26 69
26 83
27 3
27 6
27 16
27 21
27 37
27 49
27 61
27 67
27 95
28 8
28 20
28 30
28 38
28 48
28 55
28 56
28 62
28 92
29 12
29 13
29 36
29 46
29 68
29 69
30 12
30 28
30 38
30 47
30 51
30 59
30 63
30 71
30 78
30 93
30 95
31 37
31 55
31 63
31 64
31 65
31 66
31 74
31 83
31 89
31 93
31 94
31 97
32 18
32 20
32 22
32 51
32 66
32 87
33 7
33 18
33 24
33 50
33 60
33 84
33 88
33 96
33 99
34 2
34 4
34 15
34 17
34 67
34 73
34 87
35 1
35 2
35 13
35 16
35 17
35 24
35 26
35 50
35 58
35 68
35 74
35 95
36 13
36 29
36 48
36 50
36 51
36 53
36 64
36 69
36 73
36 87
36 96
37 5
37 13
37 19
37 27
37 31
37 53
37 55
37 64
37 86
38 2
38 19
38 22
38 24
38 28
38 30
38 40
38 44
38 46
38 49
38 55
38 57
38 65
38 69
38 73
38 82
39 8
39 11
39 13
39 26
39 58
39 62
39 64
39 68
39 76
39 85
39 89
39 93
40 15
40 18
40 38
40 51
40 63
40 66
40 75
40 83
41 14
41 16
41 69
41 75
41 80
41 99
42 1
42 6
42 13
42 43
42 53
42 54
42 75
43 16
43 18
43 42
43 45
43 56
43 64
43 93
43 95
44 1
44 2
44 20
44 24
44 38
44 46
44 48
44 49
44 55
44 61
44 64
44 85
44 96
44 98
45 2
45 6
45 43
45 53
45 58
45 61
45 64
45 67
45 71
45 83
46 19
46 29
46 38
46 44
46 49
46 51
46 59
46 74
46 77
46 94
46 97
47 4
47 8
47 14
47 24
47 30
47 48
47 50
47 51
47 56
47 61
47 81
47 84
47 86
48 1
48 5
48 9
48 26
48 28
48 36
48 44
48 47
48 56
48 69
48 83
48 87
48 88
48 97
49 1
49 11
49 18
49 22
49 27
49 38
49 44
49 46
49 56
49 57
49 62
49 67
49 72
49 83
49 97
50 10
50 17
50 33
50 35
50 36
50 47
50 54
50 63
50 67
50 68
50 74
51 0
51 4
51 7
51 30
51 32
51 36
51 40
51 46
51 47
51 92
51 97
52 5
52 13
52 19
52 22
52 60
52 61
52 62
52 70
52 76
53 24
53 36
53 37
53 42
53 45
53 67
53 77
53 95
54 10
54 17
54 24
54 42
54 50
54 56
54 62
54 64
54 68
54 76
54 79
54 86
54 89
54 91
54 93
55 5
55 28
55 31
55 37
55 38
55 44
55 58
55 72
55 79
55 93
56 16
56 28
56 43
56 47
56 48
56 49
56 54
56 65
56 74
56 82
56 85
56 89
57 2
57 23
57 38
57 49
57 68
57 88
57 98
58 1
58 3
58 9
58 10
58 12
58 14
58 17
58 18
58 22
58 35
58 39
58 45
58 55
58 74
58 78
58 99
59 7
59 30
59 46
59 65
59 68
59 81
59 85
59 88
59 89
59 90
60 5
60 24
60 33
60 52
60 65
60 72
60 79
60 81
60 84
60 88
60 93
61 17
61 24
61 25
61 27
61 44
61 45
61 47
61 52
61 62
61 65
61 90
62 4
62 28
62 39
62 49
62 52
62 54
62 61
62 64
62 77
62 81
63 30
63 31
63 40
63 50
63 71
63 76
63 89
64 15
64 16
64 22
64 31
64 36
64 37
64 39
64 43
64 44
64 45
64 54
64 62
64 70
64 94
64 97
65 23
65 31
65 38
65 56
65 59
65 60
65 61
65 75
65 79
65 91
65 93
65 95
66 21
66 31
66 32
66 40
66 75
66 89
67 0
67 25
67 27
67 34
67 45
67 49
67 50
67 53
67 84
68 3
68 29
68 35
68 39
68 50
68 54
68 57
68 59
68 88
68 90
68 94
68 96
69 2
69 13
69 14
69 16
69 21
69 24
69 26
69 29
69 36
69 38
69 41
69 48
69 73
69 74
69 99
70 1
70 5
70 52
70 64
70 74
70 99
71 3
71 22
71 30
71 45
71 63
71 74
71 94
72 9
72 10
72 11
72 12
72 14
72 20
72 21
72 49
72 55
72 60
72 78
72 83
72 94
72 95
73 34
73 36
73 38
73 69
73 81
73 84
74 18
74 22
74 31
74 35
74 46
74 50
74 56
74 58
74 69
74 70
74 71
74 90
74 95
74 98
75 4
75 10
75 23
75 40
75 41
75 42
75 65
75 66
75 76
76 12
76 39
76 52
76 54
76 63
76 75
76 82
76 89
76 96
77 5
77 9
77 46
77 53
77 62
77 78
77 89
77 99
78 10
78 30
78 58
78 72
78 77
78 81
78 83
78 88
78 92
79 54
79 55
79 60
79 65
79 96
80 2
80 4
80 8
80 10
80 13
80 41
80 85
80 87
80 90
80 94
80 95
80 98
81 5
81 7
81 12
81 47
81 59
81 60
81 62
81 73
81 78
81 85
81 89
81 98
82 9
82 38
82 56
82 76
82 91
83 26
83 31
83 40
83 45
83 48
83 49
83 72
83 78
83 89
83 98
84 5
84 16
84 17
84 21
84 23
84 25
84 33
84 47
84 60
84 67
84 73
84 86
85 1
85 39
85 44
85 56
85 59
85 80
85 81
85 91
85 95
86 2
86 5
86 8
86 11
86 14
86 25
86 37
86 47
86 54
86 84
87 5
87 32
87 34
87 36
87 48
87 80
88 4
88 18
88 25
88 33
88 48
88 57
88 59
88 60
88 68
88 78
88 89
88 93
89 1
89 8
89 31
89 39
89 54
89 56
89 59
89 63
89 66
89 76
89 77
89 81
89 83
89 88
90 0
90 4
90 11
90 13
90 59
90 61
90 68
90 74
90 80
91 0
91 6
91 7
91 11
91 25
91 54
91 65
91 82
91 85
91 97
92 28
92 51
92 78
92 95
93 13
93 25
93 30
93 31
93 39
93 43
93 54
93 55
93 60
93 65
93 88
93 97
94 5
94 31
94 46
94 64
94 68
94 71
94 72
94 80
94 98
95 10
95 21
95 24
95 27
95 30
95 35
95 43
95 53
95 65
95 72
95 74
95 80
95 85
95 92
95 96
96 1
96 10
96 33
96 36
96 44
96 68
96 76
96 79
96 95
96 98
97 11
97 16
97 31
97 46
97 48
97 49
97 51
97 64
97 91
97 93
98 21
98 44
98 57
98 74
98 80
98 81
98 83
98 94
98 96
99 1
99 2
99 24
99 33
99 41
99 58
99 69
99 70
99 77
